bar pmt pixel pos adcslot adcchan tdcslot tdcchan ninochan ninoid ninofactors
   1   1   3   1      0      5       0        5        6     18     56.000
   2   1   4   1      0      4       0        4        5     18     55.000
   3   1   5   1      0      3       0        3        4     18     54.000
   4   1   6   1      0      2       0        2        3     18     53.000
   5   1   7   1      0      1       0        1        2     18     52.000
   6   1   8   1      0      0       0        0        1     18     51.000
   7   1   9   1      0     15       0       15       16     18     66.000
   8   1  10   1      0     14       0       14       15     18     65.000
   9   1  11   1      0     13       0       13       14     18     64.000
  10   1  12   1      0     12       0       12       13     18     63.000
  11   1  13   1      0     11       0       11       12     18     62.000
  12   1  14   1      0     10       0       10       11     18     61.000
  13   1  15   1      0      9       0        9       10     18     60.000
  14   1  16   1      0      8       0        8        9     18     59.000
  15   2   1   8      1     55       1        7        8      3      8.000
  16   2   2   8      1     54       1        6        7      3      7.000
  17   2   3   8      1     53       1        5        6      3      6.000
  18   2   4   8      1     52       1        4        5      3      5.000
  19   2   5   8      1     51       1        3        4      3      4.000
  20   2   6   8      1     50       1        2        3      3      3.000
  21   2   7   8      1     49       1        1        2      3      2.000
  22   2   8   8      1     48       1        0        1      3      1.000
  23   2  11   8      1     61       1       13       14      3     14.000
  24   2  12   8      1     60       1       12       13      3     13.000
  25   2  13   8      1     59       1       11       12      3     12.000
  26   2  14   8      1     58       1       10       11      3     11.000
  27   2  15   8      1     57       1        9       10      3     10.000
  28   2  16   8      1     56       1        8        9      3      9.000
  29   3   1   2      0     23       0       23        8      2     -10.000
  30   3   2   2      0     22       0       22        7      2     -10.000
  31   3   3   2      0     21       0       21        6      2     -10.000
  32   3   4   2      0     20       0       20        5      2     -10.000
  33   3   5   2      0     19       0       19        4      2     -10.000
  34   3   6   2      0     18       0       18        3      2     -10.000
  35   3   7   2      0     17       0       17        2      2     -10.000
  36   3   8   2      0     16       0       16        1      2     -10.000
  37   3  11   2      0     29       0       29       14      2     -10.000
  38   3  12   2      0     28       0       28       13      2     -10.000
  39   3  13   2      0     27       0       27       12      2     -10.000
  40   3  14   2      0     26       0       26       11      2     -10.000
  41   3  15   2      0     25       0       25       10      2     -10.000
  42   3  16   2      0     24       0       24        9      2     -10.000
  43   4   1   9      2      7       1        7        8     17     -10.000
  44   4   2   9      2      6       1        6        7     17     -10.000
  45   4   3   9      2      5       1        5        6     17     -10.000
  46   4   4   9      2      4       1        4        5     17     -10.000
  47   4   5   9      2      3       1        3        4     17     -10.000
  48   4   6   9      2      2       1        2        3     17     -10.000
  49   4   7   9      2      1       1        1        2     17     -10.000
  50   4   8   9      2      0       1        0        1     17     -10.000
  51   4   9   9      2     15       1       15       16     17     -10.000
  52   4  10   9      2     14       1       14       15     17     -10.000
  53   4  11   9      2     13       1       13       14     17     -10.000
  54   4  12   9      2     12       1       12       13     17     -10.000
  55   4  13   9      2     11       1       11       12     17     -10.000
  56   4  14   9      2     10       1       10       11     17     -10.000
  57   5   1   3      0     39       0       39        8      4     -10.000
  58   5   2   3      0     38       0       38        7      4     -10.000
  59   5   3   3      0     37       0       37        6      4     -10.000
  60   5   4   3      0     36       0       36        5      4     -10.000
  61   5   5   3      0     35       0       35        4      4     -10.000
  62   5   6   3      0     34       0       34        3      4     -10.000
  63   5   7   3      0     33       0       33        2      4     -10.000
  64   5   8   3      0     32       0       32        1      4     -10.000
  65   5  11   3      0     45       0       45       14      4     -10.000
  66   5  12   3      0     44       0       44       13      4     -10.000
  67   5  13   3      0     43       0       43       12      4     -10.000
  68   5  14   3      0     42       0       42       11      4     -10.000
  69   5  15   3      0     41       0       41       10      4     -10.000
  70   5  16   3      0     40       0       40        9      4     -10.000
  71   6   1  10      2     23       1        7        8     19     -10.000
  72   6   2  10      2     22       1        6        7     19     -10.000
  73   6   3  10      2     21       1        5        6     19     -10.000
  74   6   4  10      2     20       1        4        5     19     -10.000
  75   6   5  10      2     19       1        3        4     19     -10.000
  76   6   6  10      2     18       1        2        3     19     -10.000
  77   6   9  10      2     31       1       15       16     19     -10.000
  78   6  10  10      2     30       1       14       15     19     -10.000
  79   6  11  10      2     29       1       13       14     19     -10.000
  80   6  12  10      2     28       1       12       13     19     -10.000
  81   6  13  10      2     27       1       11       12     19     -10.000
  82   6  14  10      2     26       1       10       11     19     -10.000
  83   6  15  10      2     25       1        9       10     19     -10.000
  84   6  16  10      2     24       1        8        9     19     -10.000
  85   7   1   4      0     55       0       55        8      5     -10.000
  86   7   2   4      0     54       0       54        7      5     -10.000
  87   7   3   4      0     53       0       53        6      5     -10.000
  88   7   4   4      0     52       0       52        5      5     -10.000
  89   7   5   4      0     51       0       51        4      5     -10.000
  90   7   6   4      0     50       0       50        3      5     -10.000
  91   7   7   4      0     49       0       49        2      5     -10.000
  92   7   8   4      0     48       0       48        1      5     -10.000
  93   7  11   4      0     61       0       61       14      5     -10.000
  94   7  12   4      0     60       0       60       13      5     -10.000
  95   7  13   4      0     59       0       59       12      5     -10.000
  96   7  14   4      0     58       0       58       11      5     -10.000
  97   7  15   4      0     57       0       57       10      5     -10.000
  98   7  16   4      0     56       0       56        9      8     -10.000
  99   8   1  11      2     39       1        7        8      8     -10.000
 100   8   2  11      2     38       1        6        7      8     -10.000
 101   8   3  11      2     37       1        5        6      8     -10.000
 102   8   4  11      2     36       1        4        5      8     -10.000
 103   8   5  11      2     35       1        3        4      8     -10.000
 104   8   6  11      2     34       1        2        3      8     -10.000
 105   8   7  11      2     33       1        1        2      8     -10.000
 106   8   8  11      2     32       1        0        1      8     -10.000
 107   8  11  11      2     45       1       13       14      8     -10.000
 108   8  12  11      2     44       1       12       13      8     -10.000
 109   8  13  11      2     43       1       11       12      8     -10.000
 110   8  14  11      2     42       1       10       11      8     -10.000
 111   8  15  11      2     41       1        9       10      8     -10.000
 112   8  16  11      2     40       1        8        9      8     -10.000
 113   9   1   5      1      7       0       71        8      7     -10.000
 114   9   2   5      1      6       0       70        7      7     -10.000
 115   9   3   5      1      5       0       69        6      7     -10.000
 116   9   4   5      1      4       0       68        5      7     -10.000
 117   9   5   5      1      3       0       67        4      7     -10.000
 118   9   6   5      1      2       0       66        3      7     -10.000
 119   9   7   5      1      1       0       65        2      7     -10.000
 120   9   8   5      1      0       0       64        1      7     -10.000
 121   9  10   5      1     14       0       78       15      7     -10.000
 122   9  11   5      1     13       0       77       14      7     -10.000
 123   9  13   5      1     11       0       75       12      7     -10.000
 124   9  14   5      1     10       0       74       11      7     -10.000
 125   9  15   5      1      9       0       73       10      7     -10.000
 126   9  16   5      1      8       0       72        9      7     -10.000
 127  10   1  12      2     55       1        7        8     11     -10.000
 128  10   2  12      2     54       1        6        7     11     -10.000
 129  10   3  12      2     53       1        5        6     11     -10.000
 130  10   4  12      2     52       1        4        5     11     -10.000
 131  10   5  12      2     51       1        3        4     11     -10.000
 132  10   6  12      2     50       1        2        3     11     -10.000
 133  10   7  12      2     49       1        1        2     11     -10.000
 134  10   8  12      2     48       1        0        1     11     -10.000
 135  10  11  12      2     61       1       13       14     11     -10.000
 136  10  12  12      2     60       1       12       13     11     -10.000
 137  10  13  12      2     59       1       11       12     11     -10.000
 138  10  14  12      2     58       1       10       11     11     -10.000
 139  10  15  12      2     57       1        9       10     11     -10.000
 140  10  16  12      2     56       1        8        9     11     -10.000
 141  11   1   6      3     39       0       87        8     13     -10.000
 142  11   2   6      3     38       0       86        7     13     -10.000
 143  11   3   6      3     37       0       85        6     13     -10.000
 144  11   4   6      3     36       0       84        5     13     -10.000
 145  11   5   6      3     35       0       83        4     13     -10.000
 146  11   6   6      3     34       0       82        3     13     -10.000
 147  11   7   6      3     33       0       81        2     13     -10.000
 148  11   8   6      3     32       0       80        1     13     -10.000
 149  11  10   6      3     46       0       94       15     13     -10.000
 150  11  11   6      3     45       0       93       14     13     -10.000
 151  11  12   6      3     44       0       92       13     13     -10.000
 152  11  13   6      3     43       0       91       12     13     -10.000
 153  11  14   6      3     42       0       90       11     13     -10.000
 154  11  16   6      3     40       0       88        9     13     -10.000
 155  12   1  13      3      7       2        7        8     12     -10.000
 156  12   2  13      3      6       2        6        7     12     -10.000
 157  12   3  13      3      5       2        5        6     12     -10.000
 158  12   4  13      3      4       2        4        5     12     -10.000
 159  12   5  13      3      3       2        3        4     12     -10.000
 160  12   6  13      3      2       2        2        3     12     -10.000
 161  12   7  13      3      1       2        1        2     12     -10.000
 162  12   8  13      3      0       2        0        1     12     -10.000
 163  12   9  13      3     15       2       15       16     12     -10.000
 164  12  10  13      3     14       2       14       15     12     -10.000
 165  12  11  13      3     13       2       13       14     12     -10.000
 166  12  12  13      3     12       2       12       13     12     -10.000
 167  12  13  13      3     11       2       11       12     12     -10.000
 168  12  14  13      3     10       2       10       11     12     -10.000
 169  13   3   7      3     53       1        5        6      6     -10.000
 170  13   4   7      3     52       1        4        5      6     -10.000
 171  13   5   7      3     51       1        3        4      6     -10.000
 172  13   6   7      3     50       1        2        3      6     -10.000
 173  13   7   7      3     49       1        1        2      6     -10.000
 174  13   8   7      3     48       1        0        1      6     -10.000
 175  13   9   7      3     63       1       15       16      6     -10.000
 176  13  10   7      3     62       1       14       15      6     -10.000
 177  13  11   7      3     61       1       13       14      6     -10.000
 178  13  12   7      3     60       1       12       13      6     -10.000
 179  13  13   7      3     59       1       11       12      6     -10.000
 180  13  14   7      3     58       1       10       11      6     -10.000
 181  13  15   7      3     57       1        9       10      6     -10.000
 182  13  16   7      3     56       1        8        9      6     -10.000
 183  14   3  14      3     21       2        5        6     14     -10.000
 184  14   4  14      3     20       2        4        5     14     -10.000
 185  14   5  14      3     19       2        3        4     14     -10.000
 186  14   6  14      3     18       2        2        3     14     -10.000
 187  14   7  14      3     17       2        1        2     14     -10.000
 188  14   8  14      3     16       2        0        1     14     -10.000
 189  14   9  14      3     31       2       15       16     14     -10.000
 190  14  10  14      3     30       2       14       15     14     -10.000
 191  14  11  14      3     29       2       13       14     14     -10.000
 192  14  12  14      3     28       2       12       13     14     -10.000
 193  14  13  14      3     27       2       11       12     14     -10.000
 194  14  14  14      3     26       2       10       11     14     -10.000
 195  14  15  14      3     25       2        9       10     14     -10.000
 196  14  16  14      3     24       2        8        9     14     -10.000
