 bar number, PMT number, PMT pixel. Not written pixels are supposed to be not connected
  1  1  3
  2  1  4
  3  1  5
  4  1  6
  5  1  7
  6  1  8
  7  1  9
  8  1 10
  9  1 11
 10  1 12
 11  1 13
 12  1 14
 13  1 15
 14  1 16
 15  2  1
 16  2  2
 17  2  3
 18  2  4
 19  2  5
 20  2  6
 21  2  7
 22  2  8
 23  2 11
 24  2 12
 25  2 13
 26  2 14
 27  2 15
 28  2 16
 29  3  1
 30  3  2
 31  3  3
 32  3  4
 33  3  5
 34  3  6
 35  3  7
 36  3  8
 37  3 11
 38  3 12
 39  3 13
 40  3 14
 41  3 15
 42  3 16
 43  4  1
 44  4  2
 45  4  3
 46  4  4
 47  4  5
 48  4  6
 49  4  7
 50  4  8
 51  4  9
 52  4 10
 53  4 11
 54  4 12
 55  4 13
 56  4 14
 57  5  1
 58  5  2
 59  5  3
 60  5  4
 61  5  5
 62  5  6
 63  5  7
 64  5  8
 65  5 11
 66  5 12
 67  5 13
 68  5 14
 69  5 15
 70  5 16
 71  6  1
 72  6  2
 73  6  3
 74  6  4
 75  6  5
 76  6  6
 77  6  9
 78  6 10
 79  6 11
 80  6 12
 81  6 13
 82  6 14
 83  6 15
 84  6 16
 85  7  1
 86  7  2
 87  7  3
 88  7  4
 89  7  5
 90  7  6
 91  7  7
 92  7  8
 93  7 11
 94  7 12
 95  7 13
 96  7 14
 97  7 15
 98  7 16
 99  8  1
100  8  2
101  8  3
102  8  4
103  8  5
104  8  6
105  8  7
106  8  8
107  8 11
108  8 12
109  8 13
110  8 14
111  8 15
112  8 16
113  9  1
114  9  2
115  9  3
116  9  4
117  9  5
118  9  6
119  9  7
120  9  8
121  9 10
122  9 11
123  9 13
124  9 14
125  9 15
126  9 16
127 10  1
128 10  2
129 10  3
130 10  4
131 10  5
132 10  6
133 10  7
134 10  8
135 10 11
136 10 12
137 10 13
138 10 14
139 10 15
140 10 16
141 11  1
142 11  2
143 11  3
144 11  4
145 11  5
146 11  6
147 11  7
148 11  8
149 11 10
150 11 11
151 11 12
152 11 13
153 11 14
154 11 16
155 12  1
156 12  2
157 12  3
158 12  4
159 12  5
160 12  6
161 12  7
162 12  8
163 12  9
164 12 10
165 12 11
166 12 12
167 12 13
168 12 14
169 13  3
170 13  4
171 13  5
172 13  6
173 13  7
174 13  8
175 13  9
176 13 10
177 13 11
178 13 12
179 13 13
180 13 14
181 13 15
182 13 16
183 14  3
184 14  4
185 14  5
186 14  6
187 14  7
188 14  8
189 14  9
190 14 10
191 14 11
192 14 12
193 14 13
194 14 14
195 14 15
196 14 16
