PMT, pixel, position, NINO channel, NINO ID
  1  1   1   8  18
  1  2   1   7  18
  1  3   1   6  18
  1  4   1   5  18
  1  5   1   4  18
  1  6   1   3  18
  1  7   1   2  18
  1  8   1   1  18
  1  9   1  16  18
  1 10   1  15  18
  1 11   1  14  18
  1 12   1  13  18
  1 13   1  12  18
  1 14   1  11  18
  1 15   1  10  18
  1 16   1   9  18
  2  1   8   8   3
  2  2   8   7   3
  2  3   8   6   3
  2  4   8   5   3
  2  5   8   4   3
  2  6   8   3   3
  2  7   8   2   3
  2  8   8   1   3
  2  9   8  16   3
  2 10   8  15   3
  2 11   8  14   3
  2 12   8  13   3
  2 13   8  12   3
  2 14   8  11   3
  2 15   8  10   3
  2 16   8   9   3
  3  1   2   8   2
  3  2   2   7   2
  3  3   2   6   2
  3  4   2   5   2
  3  5   2   4   2
  3  6   2   3   2
  3  7   2   2   2
  3  8   2   1   2
  3  9   2  16   2
  3 10   2  15   2
  3 11   2  14   2
  3 12   2  13   2
  3 13   2  12   2
  3 14   2  11   2
  3 15   2  10   2
  3 16   2   9   2
  4  1   9   8  17
  4  2   9   7  17
  4  3   9   6  17
  4  4   9   5  17
  4  5   9   4  17
  4  6   9   3  17
  4  7   9   2  17
  4  8   9   1  17
  4  9   9  16  17
  4 10   9  15  17
  4 11   9  14  17
  4 12   9  13  17
  4 13   9  12  17
  4 14   9  11  17
  4 15   9  10  17
  4 16   9   9  17
  5  1   3   8   4
  5  2   3   7   4 
  5  3   3   6   4
  5  4   3   5   4
  5  5   3   4   4
  5  6   3   3   4
  5  7   3   2   4
  5  8   3   1   4
  5  9   3  16   4
  5 10   3  15   4
  5 11   3  14   4
  5 12   3  13   4
  5 13   3  12   4
  5 14   3  11   4
  5 15   3  10   4
  5 16   3   9   4
  6  1  10   8  19
  6  2  10   7  19
  6  3  10   6  19
  6  4  10   5  19
  6  5  10   4  19
  6  6  10   3  19
  6  7  10   2  19
  6  8  10   1  19
  6  9  10  16  19
  6 10  10  15  19
  6 11  10  14  19
  6 12  10  13  19
  6 13  10  12  19
  6 14  10  11  19
  6 15  10  10  19
  6 16  10   9  19
  7  1   4   8   5
  7  2   4   7   5
  7  3   4   6   5
  7  4   4   5   5
  7  5   4   4   5
  7  6   4   3   5
  7  7   4   2   5
  7  8   4   1   5
  7  9   4  16   5
  7 10   4  15   5
  7 11   4  14   5
  7 12   4  13   5
  7 13   4  12   5
  7 14   4  11   5
  7 15   4  10   5
  7 16   4   9   8
  8  1  11   8   8
  8  2  11   7   8
  8  3  11   6   8
  8  4  11   5   8
  8  5  11   4   8
  8  6  11   3   8
  8  7  11   2   8
  8  8  11   1   8
  8  9  11  16   8
  8 10  11  15   8
  8 11  11  14   8
  8 12  11  13   8
  8 13  11  12   8
  8 14  11  11   8
  8 15  11  10   8
  8 16  11   9   8
  9  1   5   8   7
  9  2   5   7   7
  9  3   5   6   7
  9  4   5   5   7
  9  5   5   4   7
  9  6   5   3   7
  9  7   5   2   7
  9  8   5   1   7
  9  9   5  16   7
  9 10   5  15   7
  9 11   5  14   7
  9 12   5  13   7
  9 13   5  12   7
  9 14   5  11   7
  9 15   5  10   7
  9 16   5   9   7
 10  1  12   8  11
 10  2  12   7  11
 10  3  12   6  11
 10  4  12   5  11
 10  5  12   4  11
 10  6  12   3  11
 10  7  12   2  11
 10  8  12   1  11
 10  9  12  16  11
 10 10  12  15  11
 10 11  12  14  11
 10 12  12  13  11
 10 13  12  12  11
 10 14  12  11  11
 10 15  12  10  11
 10 16  12   9  11
 11  1   6   8  13
 11  2   6   7  13
 11  3   6   6  13
 11  4   6   5  13
 11  5   6   4  13
 11  6   6   3  13
 11  7   6   2  13
 11  8   6   1  13
 11  9   6  16  13
 11 10   6  15  13
 11 11   6  14  13
 11 12   6  13  13
 11 13   6  12  13
 11 14   6  11  13
 11 15   6  10  13
 11 16   6   9  13
 12  1  13   8  12
 12  2  13   7  12
 12  3  13   6  12
 12  4  13   5  12
 12  5  13   4  12
 12  6  13   3  12
 12  7  13   2  12
 12  8  13   1  12
 12  9  13  16  12
 12 10  13  15  12
 12 11  13  14  12
 12 12  13  13  12
 12 13  13  12  12
 12 14  13  11  12
 12 15  13  10  12
 12 16  13   9  12
 13  1  7    8   6
 13  2  7    7   6
 13  3  7    6   6
 13  4  7    5   6
 13  5  7    4   6
 13  6  7    3   6
 13  7  7    2   6
 13  8  7    1   6
 13  9  7   16   6
 13 10  7   15   6
 13 11  7   14   6
 13 12  7   13   6
 13 13  7   12   6
 13 14  7   11   6
 13 15  7   10   6
 13 16  7    9   6
 14  1  14   8  14
 14  2  14   7  14
 14  3  14   6  14
 14  4  14   5  14
 14  5  14   4  14
 14  6  14   3  14
 14  7  14   2  14
 14  8  14   1  14
 14  9  14  16  14
 14 10  14  15  14
 14 11  14  14  14
 14 12  14  13  14
 14 13  14  12  14
 14 14  14  11  14
 14 15  14  10  14
 14 16  14   9  14