Position, NINO channel, ADC slot, chan, TDC slot, channel
  1  1  0  0  0  0
  1  2  0  1  0  1
  1  3  0  2  0  2
  1  4  0  3  0  3
  1  5  0  4  0  4
  1  6  0  5  0  5
  1  7  0  6  0  6
  1  8  0  7  0  7
  1  9  0  8  0  8
  1 10  0  9  0  9
  1 11  0 10  0 10
  1 12  0 11  0 11
  1 13  0 12  0 12
  1 14  0 13  0 13
  1 15  0 14  0 14
  1 16  0 15  0 15
  2  1  0 16  0 16 
  2  2  0 17  0 17 
  2  3  0 18  0 18
  2  4  0 19  0 19
  2  5  0 20  0 20
  2  6  0 21  0 21
  2  7  0 22  0 22
  2  8  0 23  0 23
  2  9  0 24  0 24
  2 10  0 25  0 25
  2 11  0 26  0 26
  2 12  0 27  0 27
  2 13  0 28  0 28
  2 14  0 29  0 29
  2 15  0 30  0 30
  2 16  0 31  0 31
  3  1  0 32  0 32 
  3  2  0 33  0 33 
  3  3  0 34  0 34 
  3  4  0 35  0 35 
  3  5  0 36  0 36 
  3  6  0 37  0 37 
  3  7  0 38  0 38 
  3  8  0 39  0 39 
  3  9  0 40  0 40 
  3 10  0 41  0 41 
  3 11  0 42  0 42 
  3 12  0 43  0 43 
  3 13  0 44  0 44 
  3 14  0 45  0 45 
  3 15  0 46  0 46 
  3 16  0 47  0 47 
  4  1  0 48  0 48 
  4  2  0 49  0 49 
  4  3  0 50  0 50 
  4  4  0 51  0 51 
  4  5  0 52  0 52 
  4  6  0 53  0 53 
  4  7  0 54  0 54 
  4  8  0 55  0 55 
  4  9  0 56  0 56 
  4 10  0 57  0 57 
  4 11  0 58  0 58 
  4 12  0 59  0 59 
  4 13  0 60  0 60 
  4 14  0 61  0 61 
  4 15  0 62  0 62 
  4 16  0 63  0 63 
  5  1  1  0  0 64
  5  2  1  1  0 65
  5  3  1  2  0 66
  5  4  1  3  0 67
  5  5  1  4  0 68
  5  6  1  5  0 69
  5  7  1  6  0 70
  5  8  1  7  0 71
  5  9  1  8  0 72
  5 10  1  9  0 73
  5 11  1 10  0 74
  5 12  1 11  0 75
  5 13  1 12  0 76
  5 14  1 13  0 77
  5 15  1 14  0 78
  5 16  1 15  0 79
  6  1  3 32  0 80
  6  2  3 33  0 81
  6  3  3 34  0 82
  6  4  3 35  0 83
  6  5  3 36  0 84
  6  6  3 37  0 85
  6  7  3 38  0 86
  6  8  3 39  0 87
  6  9  3 40  0 88
  6 10  3 41  0 89
  6 11  3 42  0 90
  6 12  3 43  0 91
  6 13  3 44  0 92
  6 14  3 45  0 93
  6 15  3 46  0 94
  6 16  3 47  0 95
  7  1  3 48  1  0
  7  2  3 49  1  1
  7  3  3 50  1  2
  7  4  3 51  1  3
  7  5  3 52  1  4
  7  6  3 53  1  5
  7  7  3 54  1  6
  7  8  3 55  1  7
  7  9  3 56  1  8
  7 10  3 57  1  9
  7 11  3 58  1 10
  7 12  3 59  1 11
  7 13  3 60  1 12
  7 14  3 61  1 13
  7 15  3 62  1 14
  7 16  3 63  1 15
  8  1  1 48  1  0
  8  2  1 49  1  1
  8  3  1 50  1  2
  8  4  1 51  1  3
  8  5  1 52  1  4
  8  6  1 53  1  5
  8  7  1 54  1  6
  8  8  1 55  1  7
  8  9  1 56  1  8
  8 10  1 57  1  9
  8 11  1 58  1 10
  8 12  1 59  1 11
  8 13  1 60  1 12
  8 14  1 61  1 13
  8 15  1 62  1 14
  8 16  1 63  1 15
  9  1  2  0  1  0
  9  2  2  1  1  1
  9  3  2  2  1  2
  9  4  2  3  1  3
  9  5  2  4  1  4
  9  6  2  5  1  5
  9  7  2  6  1  6
  9  8  2  7  1  7
  9  9  2  8  1  8
  9 10  2  9  1  9
  9 11  2 10  1 10
  9 12  2 11  1 11
  9 13  2 12  1 12
  9 14  2 13  1 13
  9 15  2 14  1 14
  9 16  2 15  1 15
 10  1  2 16  1  0
 10  2  2 17  1  1
 10  3  2 18  1  2
 10  4  2 19  1  3
 10  5  2 20  1  4
 10  6  2 21  1  5
 10  7  2 22  1  6
 10  8  2 23  1  7
 10  9  2 24  1  8
 10 10  2 25  1  9
 10 11  2 26  1 10
 10 12  2 27  1 11
 10 13  2 28  1 12
 10 14  2 29  1 13
 10 15  2 30  1 14
 10 16  2 31  1 15
 11  1  2 32  1  0
 11  2  2 33  1  1
 11  3  2 34  1  2
 11  4  2 35  1  3
 11  5  2 36  1  4
 11  6  2 37  1  5
 11  7  2 38  1  6
 11  8  2 39  1  7
 11  9  2 40  1  8
 11 10  2 41  1  9
 11 11  2 42  1 10
 11 12  2 43  1 11
 11 13  2 44  1 12
 11 14  2 45  1 13
 11 15  2 46  1 14
 11 16  2 47  1 15
 12  1  2 48  1  0
 12  2  2 49  1  1
 12  3  2 50  1  2
 12  4  2 51  1  3
 12  5  2 52  1  4
 12  6  2 53  1  5
 12  7  2 54  1  6
 12  8  2 55  1  7
 12  9  2 56  1  8
 12 10  2 57  1  9
 12 11  2 58  1 10
 12 12  2 59  1 11
 12 13  2 60  1 12
 12 14  2 61  1 13
 12 15  2 62  1 14
 12 16  2 63  1 15
 13  1  3  0  2  0
 13  2  3  1  2  1
 13  3  3  2  2  2
 13  4  3  3  2  3
 13  5  3  4  2  4
 13  6  3  5  2  5
 13  7  3  6  2  6
 13  8  3  7  2  7
 13  9  3  8  2  8
 13 10  3  9  2  9
 13 11  3 10  2 10
 13 12  3 11  2 11
 13 13  3 12  2 12
 13 14  3 13  2 13
 13 15  3 14  2 14
 13 16  3 15  2 15
 14  1  3 16  2  0
 14  2  3 17  2  1
 14  3  3 18  2  2
 14  4  3 19  2  3
 14  5  3 20  2  4
 14  6  3 21  2  5
 14  7  3 22  2  6
 14  8  3 23  2  7
 14  9  3 24  2  8
 14 10  3 25  2  9
 14 11  3 26  2 10
 14 12  3 27  2 11
 14 13  3 28  2 12
 14 14  3 29  2 13
 14 15  3 30  2 14
 14 16  3 31  2 15