Ev.num A/T slot ped/edge value ped/edge value ...
     1 a 23 /  0  498  503 /  1  499  510 /  2  477  481 /  3  445  449 /  4  587  588 /  5  610  612 /  6  660  646 /  7  629  647 /  8  548  545 /  9  487  481 / 10  532  534 / 11  499  498 / 12  602  603 / 13  620  610 / 14  556  566 / 15  526  539 / 16  523  522 / 17  472  464 / 18  441  452 / 19  479  492 / 20  624  630 / 21  647  635 / 22  637  632 / 23  669  655 / 24  478  485 / 25  480  477 / 26  488  499 / 27  481  492 / 28  633  637 / 29  617  621 / 30  581  592 / 31  426  475 / 32  543  534 / 33  520  514 / 34  490  488 / 35  488  492 / 36  570  572 / 37  539  534 / 38  596  604 / 39  581  580 / 40  531  526 / 41  532  537 / 42  508  511 / 43  449  462 / 44  627  630 / 45  587  580 / 46  575  584 / 47  611  601 / 48  543  521 / 49  468  461 / 50  433  431 / 51  529  526 / 52  548  534 / 53  630  623 / 54  604  598 / 55  644  628 / 56  471  468 / 57  474  479 / 58  442  448 / 59  478  482 / 60  594  599 / 61  591  582 / 62  603  593 / 63  567  560
     1 a 22 /  0  424  426 /  1  385  388 /  2  293  297 /  3  483  490 /  4  527  524 /  5  507  505 /  6  534  536 /  7  535  533 /  8  321  326 /  9  425  413 / 10  353  339 / 11  470  471 / 12  448  440 / 13  501  500 / 14  446  445 / 15  326  364 / 16  524  519 / 17  341  345 / 18  267  274 / 19  513  514 / 20  439  431 / 21  562  553 / 22  635  638 / 23  453  436 / 24  297  298 / 25  381  371 / 26  302  310 / 27  467  474 / 28  467  465 / 29  503  493 / 30  440  434 / 31  269  327 / 32  490  486 / 33  465  471 / 34  340  342 / 35  463  489 / 36  531  541 / 37  403  417 / 38  505  536 / 39  533  581 / 40  434  432 / 41  429  429 / 42  319  323 / 43  917 1005 / 44  597  595 / 45  422  401 / 46  399  398 / 47  538  537 / 48  364  355 / 49  354  343 / 50  352  337 / 51  288  292 / 52  540  532 / 53  548  539 / 54  542  528 / 55  587  578 / 56  399  389 / 57  319  298 / 58  354  344 / 59  281  281 / 60  573  572 / 61  575  571 / 62  563  556 / 63  473  468
     1 a 21 /  0  336  353 /  1  313  330 /  2  293  304 /  3  307  321 /  4  360  368 /  5  381  385 /  6  393  399 /  7  464  472 /  8  324  329 /  9  327  332 / 10  343  351 / 11  320  332 / 12  440  452 / 13  388  399 / 14  449  432 / 15  372  378 / 16  331  333 / 17  338  337 / 18  310  310 / 19  299  302 / 20  397  397 / 21  504  509 / 22  449  452 / 23  457  456 / 24  330  326 / 25  303  302 / 26  255  254 / 27  281  283 / 29  491  489 / 30  472  471 / 31  318  354 / 32  795  670 / 34  780  656 / 35  797  671 / 36  873  746 / 37  861  734 / 38  923  799 / 39  813  690 / 40  840  715 / 41  826  700 / 42  823  699 / 43  797  673 / 44  882  758 / 45  860  739 / 46  835  714 / 47  877  752 / 48  358  351 / 49  339  343 / 50  294  303 / 51  344  362 / 52  384  383 / 53  426  435 / 54  438  437 / 55  399  397 / 56  307  308 / 57  319  325 / 58  244  266 / 59  285  293 / 60  443  444 / 61  419  419 / 62  415  418 / 63  358  365
     1 a 20 /  0  297  295 /  1  286  287 /  2  274  269 /  3  261  281 /  4  401  387 /  5  375  374 /  6  476  475 /  7  413  399 /  8  329  332 /  9  338  335 / 10  366  357 / 11  304  309 / 12  467  455 / 13  372  363 / 14  408  402 / 15  366  361 / 16  361  368 / 17  317  328 / 18  328  335 / 19  282  308 / 20  411  417 / 21  400  402 / 22  408  419 / 23  430  423 / 24  276  293 / 25  268  275 / 26  231  243 / 27  278  308 / 28  420  430 / 29  390  392 / 30  430  451 / 31  380  389 / 32  366  357 / 33  335  333 / 34  314  312 / 35  291  293 / 36  401  412 / 37  373  376 / 38  443  442 / 39  356  359 / 40  406  401 / 41  303  306 / 42  337  332 / 43  316  310 / 44  395  390 / 45  388  388 / 46  393  386 / 47  441  433 / 48  357  366 / 49  315  318 / 50  425  439 / 51  280  291 / 52  344  346 / 53  428  434 / 54  419  432 / 55  369  378 / 56  337  342 / 57  299  313 / 58  248  267 / 59  317  324 / 60  446  453 / 61  400  404 / 62  409  412 / 63  348  359

     1 t 16
     1 t 15 / 70   76 1505 / 70   84 1533

     1 t 14
