0 0 -0.0320336
0 1 -0.0317741
0 2 -0.0332386
0 3 -0.030624
0 4 -0.0295954
0 5 -0.0296022
0 6 -0.0336069
0 7 -0.0327539
0 8 -0.0321276
0 9 -0.0323359
0 10 -0.0327575
0 11 -0.0227411
0 12 -0.024449
0 13 -0.0307247
0 14 -0.0335737
0 15 -0.029471
0 16 -0.0306864
0 17 -0.0295273
0 18 -0.0309389
0 19 -0.0307248
0 20 -0.0298401
0 21 -0.030912
0 22 -0.0311619
0 23 -0.0303928
0 24 -0.0345226
0 25 -0.0360389
0 26 -0.0342832
0 27 -0.030727
0 28 -0.0333364
0 29 -0.0309689
0 30 -0.0306111
0 31 -0.0293708
0 32 -0.658479
0 33 -0.0353789
0 34 -0.0328845
0 35 -0.0319564
0 36 -0.0342123
0 37 -0.0324556
0 38 -0.0324283
0 39 -0.0369572
0 40 -0.0294236
0 41 -0.0300173
0 42 -0.0311792
0 43 -0.0293553
0 44 -0.0299358
0 45 -0.0297789
0 46 -0.0291081
0 47 -0.0295942
0 48 -0.0336558
0 49 -0.00683687
0 50 -0.0224383
0 51 -0.027727
0 52 -0.0325641
0 53 -0.0289075
0 54 -0.0262809
0 55 -0.030588
0 56 -0.0300184
0 57 -0.02816
0 58 -0.0305588
0 59 -0.0300926
0 60 -0.0263668
0 61 -0.0223948
0 62 -0.0252554
0 63 -0.0274277
1 0 -0.0316479
1 1 -0.0291987
1 2 -0.0315255
1 3 -0.0307968
1 4 -0.0300911
1 5 -0.0316019
1 6 -0.0309568
1 7 -0.031157
1 8 -0.0304212
1 9 -0.0327464
1 10 -0.0309428
1 11 -0.0321378
1 12 -0.0300074
1 13 -0.0322016
1 14 -0.0319556
1 15 -0.029749
1 16 -0.000504218
1 17 -0.00138193
1 18 -0.00255478
1 19 -0.00115977
1 20 -0.00127069
1 21 -0.00152537
1 22 -0.00221152
1 23 -0.00111858
1 24 -0.000853983
1 25 -0.00225469
1 26 -0.00067767
1 27 -0.00140395
1 28 -0.00140395
1 29 -0.00166807
1 30 -0.00245976
1 31 -0.00251268
1 32 -0.00270978
1 33 -0.00270978
1 34 -0.0109755
1 35 -0.00242674
1 36 -0.000982525
1 37 -0.00109823
1 38 -0.00239815
1 39 -0.00281843
1 40 -0.00210266
1 41 -0.00221367
1 42 -0.00323927
1 43 -0.0020419
1 44 -0.0013364
1 45 -0.00113223
1 46 -0.001415
1 47 -0.00344997
1 48 -0.0276219
1 49 -0.0289738
1 50 -0.0237921
1 51 -0.0303928
1 52 -0.0311921
1 53 -0.030728
1 54 -0.027671
1 55 -0.0308847
1 56 -0.0287029
1 57 -0.0297515
1 58 -0.0298714
1 59 -0.0295148
1 60 -0.0282303
1 61 -0.0291684
1 62 -0.0286289
1 63 -0.0270931
2 0 -0.0228965
2 1 -0.0334699
2 2 -0.0324909
2 3 -0.0349399
2 4 -0.0366485
2 5 -0.0330341
2 6 -0.0309117
2 7 -0.0317745
2 8 -0.0339224
2 9 -0.0341722
2 10 -0.0332535
2 11 -0.0326263
2 12 -0.0322829
2 13 -0.0316149
2 14 -0.0336012
2 15 -0.0316083
2 16 -0.0308445
2 17 -0.0312432
2 18 -0.0299236
2 19 -0.0352817
2 20 -0.0320759
2 21 -0.0310846
2 22 -0.0334953
2 23 -0.0315315
2 24 -0.0336789
2 25 -0.0315934
2 26 -0.0306583
2 27 -0.0270829
2 28 -0.0304158
2 29 -0.0347977
2 30 -0.0316231
2 31 -0.0304856
2 32 -0.0019552
2 33 -0.0514707
2 34 -0.0290301
2 35 -0.0331709
2 36 -0.0281825
2 37 -0.0317618
2 38 -0.0289455
2 39 -0.0258435
2 40 -0.0271037
2 41 -0.0301795
2 42 -0.0300308
2 43 -0.0488087
2 44 -0.0297083
2 45 -0.0276514
2 46 -0.380262
2 47 -0.0488679
2 48 -0.0233038
2 49 -0.0270265
2 50 -0.0300332
2 51 -0.0303104
2 52 -0.0297283
2 53 -0.0305905
2 54 -0.0297236
2 55 -0.0297492
2 56 -0.0374759
2 57 -0.0319303
2 58 -0.0320097
2 59 -0.0309747
2 60 -0.0297538
2 61 -0.040633
2 62 -0.0337373
2 63 -0.0296454
3 0 -0.00240469
3 1 -0.520862
3 2 -0.0238711
3 3 -0.171432
3 4 -0.0286863
3 5 -0.283963
3 6 -0.101308
3 7 -0.0245471
3 8 -0.214874
3 9 -0.031648
3 10 -0.0279735
3 11 -0.03887
3 12 -0.0232716
3 13 -0.030577
3 14 -0.0236346
3 15 -0.0271311
3 16 -0.00218546
3 17 -0.00164399
3 18 -0.0325328
3 19 -0.0314133
3 20 -0.0300823
3 21 -0.0241396
3 22 -0.0335005
3 23 -0.0315265
3 24 -0.0310602
3 25 -0.0287654
3 26 -0.0303424
3 27 -0.0306692
3 28 -0.0304327
3 29 -0.0298891
3 30 -0.0300056
3 31 -0.029498
3 32 -0.0280018
3 33 -0.0313527
3 34 -0.0285883
3 35 -0.0283577
3 36 -0.0284179
3 37 -0.0284911
3 38 -0.0303434
3 39 -0.024961
3 40 -0.0315938
3 41 -0.0301504
3 42 -0.0289245
3 43 -0.0303188
3 44 -0.0296946
3 45 -0.0318879
3 46 -0.0307948
3 47 -0.0285605
3 48 -0.00119143
3 49 -0.00558445
3 50 -0.000895608
3 51 -0.00264774
3 52 -0.00181111
3 53 -0.905842
3 54 -0.0108503
3 55 -0.0359968
3 56 -0.00341783
3 57 -0.00812724
3 58 -0.00196285
3 59 -0.00680506
3 60 -0.00700602
3 61 -0.0677396
3 62 -0.00838721
3 63 -0.0241361
